195 69 143 202 116 4 1 2 2 2 5 26 19 5 4 0 0 0 0 0 0 0 0 1 3 4 8 29 11 9 6 3 1 0 0 0 0 0 0 0 0 0 0 0 0 0 0 0 0 0 0 0 0 0 0 0 0 0 0 0 0 0 0 0 0 0 0 0 0 0 0 0 0 0 0 0 0 0 0 0 0 0 0 0 0 0 0 0 0 0 0 0 0 0 0 0 0 0 0 0 0 0 0 0 0 0 0 0 0 0 0 0 0 0 0 0 0 0 0 0 0 0 0 0 0 0 0 0 0 0 0 0 0 0 0 0 0 0 0 0 0 0 0 0 0 0 0 0 0 0 0 0 0 0 0 0 0 0 0 0 0 0 0 0 0 0 0 0 0 0 0 0 0 0 0 0 0 0 0 0 0 0 0 0 0 0 0 0 0 0 0 0 0 0 0 0 0 0 0 0 0 0 0 0 0 0 0 0 0 0 0 0 0 0 0 0 0 0 0 0 0 0 0 0 0 0 0 0 0 0 0 0 0 0 0 0 0 0 0 0 0 0 0 0 0 0 0 0 0 0 0 0 0 0 0 0 
217 74 119 134 96 17 14 11 7 19 22 9 27 10 1 1 1 0 0 0 0 0 0 1 2 2 5 7 14 11 7 3 2 1 0 1 0 0 1 0 0 0 0 0 0 0 0 0 0 0 0 0 0 0 0 0 0 0 0 0 0 0 0 0 0 0 0 0 0 0 0 0 0 0 0 0 0 0 0 0 0 0 0 0 0 0 0 0 0 0 0 0 0 0 0 0 0 0 0 0 0 0 0 0 0 0 0 0 0 0 0 0 0 0 0 0 0 0 0 0 0 0 0 0 0 0 0 0 0 0 0 0 0 0 0 0 0 0 0 0 0 0 0 0 0 0 0 0 0 0 0 0 0 0 0 0 0 0 0 0 0 0 0 0 0 0 0 0 0 0 0 0 0 0 0 0 0 0 0 0 0 0 0 0 0 0 0 0 0 0 0 0 0 0 0 0 0 0 0 0 0 0 0 0 0 0 0 0 0 0 0 0 0 0 0 0 0 0 0 0 0 0 0 0 0 0 0 0 0 0 0 0 0 0 0 0 0 0 0 0 0 0 0 0 0 0 0 0 0 0 0 0 0 0 0 0 
144 53 96 45 77 25 19 12 11 22 18 6 3 4 2 4 3 3 4 5 1 4 3 4 3 3 1 3 3 5 4 4 2 2 2 1 2 1 1 1 1 0 1 1 1 1 1 1 1 1 0 1 0 0 1 0 1 0 0 1 0 0 0 0 0 0 0 0 0 1 0 1 0 0 0 0 0 0 0 1 0 0 0 0 0 0 0 0 0 0 0 0 0 0 0 0 0 0 0 0 0 0 0 0 0 0 0 0 0 0 0 0 0 0 0 0 0 0 0 0 0 0 0 0 0 0 0 0 0 0 0 0 0 0 0 0 0 0 0 0 0 0 0 0 0 0 0 0 0 0 0 0 0 0 0 0 0 0 0 0 0 0 0 0 0 0 0 0 0 0 0 0 0 0 0 0 0 0 0 0 0 0 0 0 0 0 0 0 0 0 0 0 0 0 0 0 0 0 0 0 0 0 0 0 0 0 0 0 0 1 0 0 0 0 0 0 0 0 0 0 0 0 0 0 0 0 0 0 0 0 0 0 0 0 0 0 0 0 0 0 0 0 0 0 0 0 0 0 0 0 0 0 0 0 0 0 
102 15 64 28 44 26 18 10 9 23 7 4 5 5 3 4 3 2 3 1 1 1 3 2 1 3 2 3 2 3 2 2 2 1 3 2 2 3 1 2 1 1 1 1 1 0 1 0 1 0 0 1 0 0 0 0 1 1 1 0 0 0 1 0 1 1 1 1 0 1 1 0 1 0 1 0 0 0 1 1 1 1 0 1 1 1 1 1 1 1 1 1 1 1 1 1 2 2 2 2 2 2 1 2 2 1 1 1 0 0 0 0 0 0 0 0 0 0 0 0 0 0 0 0 0 0 0 0 0 0 0 0 0 0 0 0 0 0 0 0 0 0 0 0 0 0 0 0 0 0 0 0 0 0 0 0 0 0 0 0 0 0 0 0 0 0 0 0 0 0 0 0 0 0 0 0 0 0 0 0 0 0 0 0 0 0 0 0 0 0 0 1 0 0 0 0 0 0 0 0 0 0 0 0 0 0 0 0 0 1 0 0 0 0 0 0 0 0 0 0 0 0 0 0 0 0 0 0 0 0 0 0 0 0 0 0 0 0 0 0 0 0 0 0 0 0 0 0 0 0 0 0 0 0 0 0 
84 19 63 37 48 27 23 13 14 15 10 7 4 4 3 4 1 1 1 2 2 1 1 2 3 1 1 1 1 2 1 1 0 2 0 4 3 2 1 0 1 0 2 2 1 0 0 1 0 0 0 0 2 1 1 0 0 0 0 0 0 0 0 0 0 0 1 1 0 0 0 0 0 1 0 0 1 0 1 1 1 1 1 1 1 1 1 1 1 2 3 3 3 2 3 3 3 4 2 3 2 2 2 0 1 0 0 0 1 0 0 0 0 0 1 0 0 0 0 0 0 0 0 0 0 0 0 0 0 0 0 0 0 0 0 1 0 0 0 0 1 0 0 0 0 0 0 0 0 0 0 0 0 0 0 0 0 0 0 0 0 0 0 0 0 0 0 0 0 0 0 0 0 0 0 0 0 0 0 0 0 0 0 0 0 0 0 0 0 0 0 0 0 0 0 0 0 0 0 0 0 0 0 0 0 0 0 0 0 0 0 0 0 0 0 0 0 0 0 0 0 0 0 0 0 0 0 0 0 0 0 0 0 0 0 0 0 0 0 0 0 0 0 0 0 0 0 0 0 0 0 0 0 0 0 0 
95 51 92 50 66 32 20 14 11 18 20 6 5 5 3 3 2 2 2 1 1 2 1 3 3 3 3 5 5 6 4 2 3 2 0 2 1 1 1 0 1 1 1 1 1 1 1 0 1 1 1 0 0 1 0 0 0 0 0 1 0 1 0 1 1 0 1 0 1 1 2 1 1 0 0 0 1 1 1 0 0 1 0 1 0 0 1 1 0 1 0 1 1 1 2 1 1 0 1 1 1 0 1 1 1 0 0 0 0 0 0 0 0 0 0 0 0 0 0 0 0 0 0 0 0 0 0 0 0 0 0 0 0 0 0 0 0 0 0 0 0 0 0 0 0 0 0 0 0 0 0 0 0 0 0 0 0 0 0 0 0 0 0 0 0 0 0 0 0 0 0 0 0 0 0 0 0 0 0 1 0 0 0 0 1 0 0 0 0 0 0 0 0 0 0 0 0 0 0 0 0 0 0 0 0 1 0 1 0 0 0 0 0 0 0 0 0 0 0 0 0 0 0 0 0 0 0 0 0 0 0 0 0 0 0 0 0 0 0 0 0 0 0 0 0 0 0 0 0 0 0 0 0 0 0 0 
179 71 131 100 102 29 15 11 10 20 30 6 21 6 4 1 0 0 0 0 0 1 0 1 3 3 4 9 12 14 10 4 3 2 0 0 0 1 0 0 0 0 0 0 0 0 0 0 0 0 0 0 0 0 0 0 0 0 0 0 0 0 0 0 0 0 0 0 0 0 0 0 0 0 0 0 0 0 0 0 0 0 0 0 0 0 0 0 0 0 0 0 0 0 0 0 0 0 0 0 0 0 0 0 0 0 0 0 0 0 0 0 0 0 0 0 0 0 0 0 0 0 0 0 0 0 0 0 0 0 0 0 0 0 0 0 0 0 0 0 0 0 0 0 0 0 0 0 0 0 0 0 0 0 0 0 0 0 0 0 0 0 0 0 0 0 0 0 0 0 0 0 0 0 0 0 0 0 0 0 0 0 0 0 0 0 0 0 0 0 0 0 0 0 0 0 0 0 0 0 0 0 0 0 0 0 0 1 0 0 0 0 0 0 0 0 0 0 0 0 0 0 0 0 0 0 0 0 0 0 0 0 0 0 0 0 0 0 0 0 0 0 0 0 0 0 0 0 0 0 0 0 0 0 0 0 
235 83 143 168 175 16 2 3 1 3 5 5 32 13 5 1 0 0 0 0 0 0 0 1 2 4 8 13 13 13 8 3 4 2 1 1 0 0 0 0 0 0 0 0 0 0 0 0 0 0 0 0 0 0 1 0 0 0 0 0 0 0 0 0 0 0 0 0 0 0 0 0 0 0 0 0 0 0 0 0 0 0 0 0 0 0 0 0 0 0 0 0 0 0 0 0 0 0 0 0 0 0 0 0 0 0 0 0 0 0 0 0 0 0 0 0 0 0 0 0 0 0 0 0 0 0 0 0 0 0 0 0 0 0 0 0 0 0 0 0 0 0 0 0 0 0 0 0 0 0 0 0 0 0 0 0 0 0 0 0 0 0 0 0 0 0 0 0 0 0 0 0 0 0 0 0 0 0 0 0 0 0 0 0 0 0 0 0 0 0 0 0 0 0 0 0 0 0 0 0 0 0 0 0 0 0 0 0 0 0 0 0 0 0 0 1 0 0 0 0 0 0 0 0 0 0 0 0 0 0 0 0 0 0 0 0 0 0 0 0 0 0 0 0 0 0 0 0 0 0 0 0 0 0 0 0 
213 61 120 96 200 41 6 1 2 1 4 8 22 17 5 3 0 1 0 0 0 0 0 1 2 3 3 15 7 7 5 8 1 2 2 1 0 1 0 1 0 0 0 0 0 0 0 0 0 0 0 0 0 0 0 0 0 0 0 0 0 0 0 0 0 0 0 0 0 0 0 0 0 0 0 0 0 0 0 0 0 0 0 0 0 0 0 0 0 0 0 0 0 0 0 0 0 0 0 0 0 0 0 0 0 0 0 0 0 0 0 0 0 0 0 0 0 0 0 0 0 0 0 0 0 0 0 0 0 0 0 0 0 0 0 0 0 0 0 0 0 0 0 0 0 0 0 0 0 0 0 0 0 0 0 0 0 0 0 0 0 0 0 0 0 0 0 0 0 0 0 0 0 0 0 0 0 0 0 0 0 0 0 0 0 0 0 0 0 0 0 0 0 0 0 0 0 0 0 0 0 0 0 0 0 0 0 0 0 0 0 0 0 0 0 0 0 0 0 0 0 1 0 0 0 0 0 0 0 0 0 0 0 1 0 0 0 0 0 0 0 0 0 0 0 0 0 0 0 0 0 0 0 0 0 0 
142 37 81 21 41 26 15 11 9 29 32 12 4 4 4 3 3 3 4 4 3 3 3 4 3 2 2 2 2 2 2 2 2 3 1 2 1 1 2 2 2 0 1 1 2 2 1 1 1 1 2 1 1 2 2 2 2 1 1 1 1 1 1 1 0 1 1 1 1 0 0 0 0 0 0 1 0 0 0 0 0 0 0 0 0 0 0 0 0 0 0 0 0 0 0 0 0 0 0 0 0 0 0 0 0 0 0 0 0 0 0 0 0 0 0 0 0 0 1 0 0 1 0 1 1 1 0 1 0 0 1 1 0 0 0 1 0 0 0 0 0 0 0 0 0 0 0 0 0 0 0 0 0 0 0 0 0 0 0 0 0 0 0 0 0 0 0 0 0 0 0 0 0 0 0 0 0 0 0 0 0 0 0 0 0 0 0 0 0 0 0 0 0 0 0 0 0 0 0 0 0 0 0 0 0 0 0 0 0 0 0 0 0 0 0 0 0 0 0 0 0 0 0 0 0 0 0 0 0 0 0 0 0 0 0 0 0 0 0 0 0 0 0 0 0 0 0 0 0 0 0 0 0 0 0 0 
17 3 7 2 1 1 1 3 1 2 4 1 2 1 1 0 1 1 1 1 0 0 0 0 0 0 0 0 0 1 0 0 0 0 0 0 0 0 0 2 3 3 5 5 5 4 2 2 3 3 3 3 4 2 3 4 6 4 6 7 7 7 7 7 6 6 7 4 5 6 5 3 2 2 2 1 3 1 2 2 2 1 1 1 2 2 3 3 2 2 2 1 2 2 3 1 2 2 3 3 2 3 2 5 2 3 3 2 2 2 3 2 3 1 3 5 1 3 3 2 2 2 1 1 1 1 2 3 4 3 2 3 2 3 2 2 1 1 2 1 2 2 1 1 1 1 1 0 1 1 2 0 0 2 1 0 0 1 1 0 0 0 0 0 1 0 0 0 0 0 0 0 0 0 0 0 0 0 0 0 0 0 0 0 0 0 0 0 0 0 0 0 0 0 0 0 0 0 0 0 0 0 0 0 0 0 0 0 0 0 0 0 0 0 0 0 0 0 0 0 0 0 0 0 0 0 0 0 0 0 0 0 0 0 0 0 0 0 0 0 0 0 0 0 0 0 0 0 0 0 0 0 0 0 0 0 
7 2 1 0 0 1 1 0 0 0 0 0 0 0 0 0 0 0 0 0 0 0 0 0 0 0 0 0 0 0 0 0 0 0 0 0 0 0 0 2 5 10 9 13 12 10 8 4 4 3 3 2 2 3 3 3 3 3 4 4 5 5 5 6 7 5 6 7 5 4 4 3 4 5 4 4 2 3 3 3 3 3 3 4 2 3 3 3 3 4 3 3 3 1 2 0 1 2 1 3 3 2 1 1 1 2 2 1 1 2 2 2 2 1 2 3 2 2 3 4 2 4 5 3 3 3 3 3 3 3 3 3 3 2 2 2 4 3 1 4 1 1 3 2 1 1 2 2 4 2 2 0 1 0 2 0 2 1 1 0 1 0 0 0 1 0 0 1 0 0 0 1 0 0 0 0 0 0 0 0 0 0 0 0 0 1 0 0 0 0 0 0 0 1 0 0 0 0 0 0 0 0 0 0 0 0 0 0 0 0 0 0 0 0 0 0 0 0 0 0 0 0 0 0 0 0 0 0 0 0 0 0 0 0 0 0 0 0 0 0 0 0 0 0 0 0 0 0 0 0 0 0 0 0 0 0 
14 2 3 1 1 2 2 1 1 1 1 0 1 0 0 0 0 0 0 0 0 0 0 0 0 0 0 0 0 0 0 0 0 0 0 2 1 0 0 1 1 3 3 4 2 2 1 2 0 1 0 1 1 1 1 3 3 4 3 3 3 5 5 6 7 7 7 9 7 6 6 6 7 8 9 6 4 4 5 5 5 4 3 5 2 5 4 4 2 1 2 3 4 3 3 4 3 3 2 1 0 2 0 2 1 2 2 1 3 3 2 3 5 3 4 2 4 4 5 5 5 5 1 4 4 4 5 2 4 4 3 4 3 2 3 1 3 3 2 1 3 1 3 1 2 2 1 1 2 1 0 2 1 2 0 0 1 1 0 1 0 1 0 0 0 0 0 0 0 0 0 0 0 0 0 1 0 0 0 0 0 0 0 0 0 0 0 0 0 0 0 0 0 0 0 0 0 0 0 0 0 0 0 0 0 0 0 0 0 0 0 0 0 0 0 0 0 0 0 0 0 0 0 0 0 0 0 0 0 0 0 0 0 0 0 0 0 0 0 0 0 0 0 0 0 0 0 0 0 0 0 0 0 0 0 0 
38 1 3 2 1 2 1 1 1 2 2 3 1 2 0 1 0 0 0 1 0 0 0 1 0 0 0 1 1 0 0 0 1 0 1 1 0 0 5 6 10 12 10 9 7 7 5 4 3 3 3 3 3 3 4 6 4 5 6 5 4 6 6 4 5 4 2 3 4 4 3 3 4 2 2 1 3 2 3 1 2 2 1 2 1 1 2 2 1 2 2 3 3 2 2 2 2 4 3 4 2 2 3 1 2 3 2 2 3 1 1 2 2 3 4 3 3 3 3 4 3 3 2 2 2 1 3 1 2 2 3 2 3 3 1 0 2 0 2 1 1 2 1 2 1 1 1 0 0 0 1 1 1 1 0 1 1 1 0 0 0 0 0 0 0 0 0 0 0 0 1 0 0 0 0 0 0 0 0 0 0 0 0 0 0 0 0 0 0 0 0 0 0 0 0 0 0 0 0 0 0 0 0 0 0 0 0 0 0 0 0 0 0 0 0 0 0 0 0 0 0 0 0 0 0 0 0 0 0 0 0 0 0 0 0 0 0 0 0 0 0 0 0 0 0 0 0 0 0 0 0 0 0 0 0 0 
110 31 45 12 10 14 10 10 5 19 44 9 3 5 4 3 4 3 3 2 2 4 2 3 4 3 3 4 3 3 4 3 2 2 2 2 1 1 1 1 2 2 3 1 2 2 3 1 3 3 3 2 2 2 3 2 2 3 3 3 5 3 4 3 4 3 3 2 2 1 1 1 1 1 1 1 1 0 1 1 1 1 0 0 0 0 1 0 0 0 1 1 0 0 0 0 0 0 0 0 0 1 0 0 0 0 0 0 0 0 0 0 0 0 1 0 0 0 0 0 1 0 1 0 0 0 1 1 0 0 0 0 0 0 0 0 0 0 0 0 0 0 0 0 0 0 0 0 0 0 0 0 0 0 0 1 0 0 0 0 0 0 0 0 0 0 0 0 0 0 0 0 0 0 0 0 0 0 0 0 0 0 0 0 0 0 0 0 0 0 0 0 0 0 0 0 0 0 0 0 0 0 0 0 0 0 0 0 0 0 0 0 0 0 0 0 0 0 0 0 0 0 0 0 0 0 0 0 0 0 0 0 0 0 0 0 0 0 0 0 0 0 0 0 0 0 0 0 0 0 0 1 0 0 0 0 
253 99 97 61 211 57 14 4 6 4 5 7 9 16 8 6 0 0 0 0 0 0 0 1 4 4 5 7 7 8 8 8 3 2 2 1 1 0 1 1 0 0 0 0 0 0 0 0 0 0 0 0 0 0 3 0 0 0 0 0 0 0 0 0 0 0 0 0 0 0 0 0 0 0 0 0 0 0 0 0 0 0 0 0 0 0 0 0 0 0 0 0 0 0 0 0 0 0 0 0 0 0 0 0 0 0 0 0 0 0 0 0 0 0 0 0 0 0 0 0 0 0 0 0 0 0 0 0 0 0 0 0 0 0 0 0 0 0 0 0 0 0 0 0 0 0 0 0 0 0 0 0 0 0 0 0 0 0 0 0 0 0 0 0 0 0 0 0 0 0 0 0 0 0 0 0 0 0 0 0 0 0 0 0 0 0 0 0 0 0 0 0 0 0 0 0 0 0 0 0 0 0 0 0 0 0 0 0 0 0 0 0 0 0 0 3 0 0 0 0 0 0 0 0 0 0 0 0 0 0 0 0 0 0 0 0 0 0 0 0 0 0 0 0 0 0 0 0 0 0 0 0 0 0 0 0 
193 70 91 55 144 74 22 8 7 5 5 6 5 5 4 4 1 2 0 1 1 1 0 1 1 3 2 2 2 5 4 4 3 1 2 2 1 1 1 1 0 2 1 0 0 1 0 0 0 0 0 0 0 0 0 0 0 0 0 0 0 0 0 0 0 0 0 0 0 0 0 0 0 0 0 0 0 0 1 0 0 1 0 0 0 0 0 0 0 0 0 0 0 0 0 0 0 0 0 0 0 0 0 0 0 0 0 0 0 0 0 0 0 0 0 0 0 0 0 0 0 0 0 0 0 0 0 0 0 0 0 0 0 0 0 0 0 0 0 0 0 0 0 0 0 0 0 0 0 0 0 0 0 0 0 0 0 0 0 0 0 0 0 0 0 0 0 0 0 0 0 0 0 0 0 0 0 0 0 0 0 0 0 0 0 0 0 0 0 0 0 0 0 0 0 0 0 0 0 0 0 0 0 0 0 0 0 0 0 0 0 0 0 0 0 0 0 0 0 0 0 1 0 0 0 0 0 0 0 0 0 0 0 1 0 0 0 0 0 0 0 0 0 0 0 0 0 0 0 0 0 0 0 0 0 0 
57 2 9 4 4 4 9 8 8 6 19 8 6 6 7 5 4 5 3 4 4 4 3 3 3 3 3 4 3 2 1 1 1 0 0 0 1 2 0 0 0 0 0 0 0 2 1 2 2 1 2 5 2 3 3 4 6 6 5 3 4 4 6 3 4 5 3 3 3 3 4 2 2 1 1 1 2 0 0 0 1 1 1 1 0 1 0 0 1 0 0 0 1 0 0 0 1 1 2 3 1 2 5 3 2 3 3 1 2 3 2 3 3 4 2 3 4 4 4 1 2 3 3 3 4 2 3 3 0 1 0 1 1 0 0 0 0 0 0 0 0 0 0 0 0 1 0 0 0 0 0 0 0 0 0 0 0 0 0 0 0 0 0 0 0 0 0 0 0 0 0 0 0 0 0 0 0 0 0 0 0 0 0 0 0 0 0 0 0 0 0 0 0 0 0 0 0 0 0 0 0 0 0 0 0 0 0 0 0 0 0 0 0 0 0 0 0 0 0 0 0 0 0 0 0 0 0 0 0 0 0 0 0 0 0 0 0 0 0 0 0 0 0 0 0 0 0 0 0 0 0 0 0 0 0 0 
0 0 0 0 0 0 0 0 0 0 0 0 0 0 0 0 0 0 0 0 0 0 0 0 0 0 0 0 0 0 0 0 0 0 0 0 0 0 1 1 2 4 7 8 8 8 7 8 7 6 7 5 5 4 5 5 4 4 3 4 5 3 5 6 5 5 6 7 6 8 6 7 7 5 4 6 4 4 5 3 2 3 2 2 3 3 2 3 2 5 2 5 2 4 5 4 6 7 6 9 7 10 9 5 5 6 3 2 5 5 2 2 4 3 3 4 4 4 3 5 5 4 3 5 4 6 6 5 5 4 4 3 5 5 6 3 3 6 4 4 3 3 2 2 3 1 2 1 1 1 1 1 2 1 1 1 1 0 0 1 1 0 0 0 0 0 0 0 0 0 0 0 0 0 0 0 0 0 0 0 0 0 0 0 0 0 0 0 0 0 0 1 1 1 1 1 1 2 1 2 2 2 2 2 1 2 1 1 0 1 1 0 0 0 0 0 0 0 0 0 0 0 0 0 0 0 0 0 0 0 0 0 0 0 0 0 0 0 0 0 0 0 0 0 0 0 0 0 0 0 0 0 0 0 0 0 
0 0 0 0 0 0 0 0 0 0 1 0 2 2 3 1 2 1 1 1 1 0 0 0 0 0 0 0 0 0 0 0 0 0 0 1 2 4 6 9 13 13 13 12 9 11 9 9 6 6 4 3 2 2 1 2 1 2 2 2 2 1 4 4 4 5 5 5 4 5 4 3 3 4 4 3 3 3 1 3 2 2 2 1 2 1 1 1 1 1 3 3 5 3 4 4 4 4 2 4 5 4 3 4 3 4 4 6 4 4 3 4 2 3 2 2 4 2 3 3 3 2 4 2 1 2 2 2 1 1 2 1 1 2 2 2 1 2 1 2 2 1 3 2 2 2 1 2 2 4 4 3 2 1 1 3 3 2 2 5 1 2 1 0 1 1 1 0 0 0 0 0 1 0 1 0 1 0 0 1 0 1 1 1 1 1 1 1 2 0 2 3 1 2 2 2 1 2 2 1 2 1 1 2 1 1 1 0 0 0 0 0 0 1 0 0 0 0 0 0 0 0 0 0 0 0 0 0 0 0 0 0 0 0 0 0 0 0 0 0 0 0 0 0 0 0 0 0 0 0 0 0 0 0 0 0 
0 0 0 0 0 0 0 0 0 0 0 2 3 4 2 2 1 2 1 1 0 0 0 0 0 0 0 0 0 0 0 0 1 2 2 2 4 4 8 11 11 11 12 10 6 5 5 3 3 1 1 2 1 2 1 1 1 1 0 1 0 1 2 2 2 3 3 4 4 6 5 6 5 5 5 4 4 4 5 6 4 4 6 4 3 3 3 1 2 2 1 3 1 3 2 2 2 2 2 2 1 2 1 2 2 2 4 3 4 4 5 3 2 2 3 2 3 3 5 2 3 4 2 4 2 3 4 3 2 3 2 3 2 2 3 3 2 2 3 2 3 3 4 2 2 2 2 1 1 1 1 1 0 0 0 0 2 0 0 0 0 0 0 1 0 2 0 0 1 0 0 0 0 0 0 0 0 0 0 0 0 1 0 2 1 2 1 2 1 3 4 2 3 3 3 4 4 3 2 2 2 1 1 1 0 0 0 0 0 0 0 0 0 0 0 0 0 0 0 0 0 0 0 0 0 0 0 0 0 0 0 0 0 0 0 0 0 1 0 0 0 0 0 0 0 0 0 0 0 0 0 0 0 0 0 0 
3 0 0 0 0 0 0 0 0 0 0 0 0 0 0 0 0 0 0 0 0 0 0 0 0 0 0 0 0 0 0 0 0 0 0 0 0 0 4 6 9 11 12 13 13 14 12 8 6 4 5 3 2 3 4 2 2 2 3 2 3 3 3 3 6 5 6 6 8 6 6 5 4 6 3 3 3 4 2 2 2 2 3 3 3 2 1 1 0 2 2 3 3 4 5 4 6 7 4 4 7 8 9 6 8 5 4 5 3 2 3 4 0 3 2 3 2 2 3 4 2 5 2 4 2 4 5 4 4 4 4 5 4 5 4 4 3 5 3 4 3 4 3 2 4 2 4 2 2 1 2 2 1 2 2 1 2 1 2 2 1 2 1 1 0 0 0 0 0 0 0 1 0 0 0 0 0 0 0 0 0 0 0 0 0 0 0 0 0 0 0 0 0 0 0 0 0 0 1 0 0 0 0 0 0 0 0 0 0 0 0 0 0 0 0 0 0 0 0 0 0 0 0 0 0 0 0 0 0 0 0 0 0 0 0 0 0 0 0 0 0 0 0 0 0 0 0 0 0 0 0 0 0 0 0 0 
69 2 2 1 2 3 3 3 5 5 13 5 3 1 2 1 2 2 1 1 1 1 2 1 1 1 1 0 1 1 1 0 1 1 0 2 1 1 1 0 2 3 3 4 5 8 10 5 5 4 5 4 6 5 5 7 7 7 9 9 7 7 6 5 5 5 5 4 4 3 2 2 2 3 2 1 1 2 2 2 2 2 2 2 0 1 1 1 0 1 1 2 0 0 1 1 1 1 2 3 3 3 2 3 2 1 1 2 2 3 2 2 4 3 2 1 1 4 4 3 2 4 4 3 3 4 4 3 3 3 4 2 3 2 2 2 2 1 1 1 2 1 2 1 1 1 0 1 2 1 0 1 1 0 0 0 0 1 0 0 0 0 0 0 0 0 0 0 0 0 0 0 0 0 0 0 0 0 0 0 0 0 0 0 0 0 0 0 0 0 0 0 0 0 0 0 0 0 0 0 0 0 0 0 0 0 0 0 0 0 0 0 0 0 0 0 0 0 0 0 0 0 0 0 0 0 0 0 0 0 0 0 0 0 0 0 0 0 0 0 0 0 0 0 0 0 0 0 0 0 0 0 0 0 0 0 
200 61 96 40 133 54 22 10 5 5 7 7 7 7 6 4 5 4 4 2 2 3 3 3 3 2 4 4 5 6 6 5 5 3 3 3 3 3 3 1 1 1 2 1 1 1 0 0 0 1 0 0 1 0 4 0 0 0 0 1 0 1 0 0 0 0 0 0 0 1 0 0 1 0 0 1 0 0 0 0 0 0 0 0 0 0 0 0 0 0 0 0 0 0 0 0 0 0 0 0 0 0 0 0 0 0 0 0 0 0 0 0 0 0 0 0 0 0 0 0 0 0 0 0 0 0 0 0 0 0 0 0 0 0 0 0 0 0 0 0 0 0 0 0 0 0 0 0 0 0 0 0 0 0 0 0 0 0 0 0 0 0 0 0 0 0 0 0 0 0 0 0 0 0 0 0 0 0 0 0 0 0 0 0 0 0 0 0 0 0 0 0 0 0 0 0 0 0 0 0 0 0 0 0 0 0 0 0 0 0 0 0 0 0 0 3 0 0 0 0 0 0 0 0 0 0 0 0 0 0 0 0 0 0 0 0 0 0 0 0 0 0 0 0 0 0 0 0 0 0 0 0 0 0 0 0 
166 26 68 39 110 55 27 13 12 4 4 6 3 2 3 4 2 3 3 3 4 3 3 4 4 4 4 3 3 2 3 2 0 1 0 2 1 1 1 1 1 0 1 1 1 0 0 1 1 1 1 0 0 0 0 0 0 0 1 0 1 0 0 0 0 0 0 0 0 0 0 0 0 0 0 0 0 0 0 0 0 0 0 0 0 0 0 0 0 0 0 0 0 0 0 0 0 0 0 0 0 0 0 0 0 0 0 0 0 0 0 0 0 0 0 0 0 0 0 0 0 0 0 0 0 0 0 0 0 0 0 0 0 0 0 0 0 0 0 0 0 0 0 0 0 0 0 0 0 0 0 0 0 0 0 0 0 0 0 0 0 0 0 0 0 0 0 0 0 0 0 0 0 0 0 0 0 0 0 0 0 0 0 0 0 0 0 0 0 0 0 0 0 0 0 0 0 0 0 0 0 0 0 0 0 0 0 0 0 0 0 0 0 0 0 0 0 0 0 0 0 1 0 0 0 0 0 0 0 0 0 1 0 0 0 0 0 0 0 0 0 0 0 0 0 0 0 0 0 0 0 0 0 0 0 0 
9 1 1 1 1 1 1 0 2 3 1 2 1 3 1 0 2 1 1 1 1 2 1 1 1 1 1 1 0 1 1 1 1 0 0 0 1 0 0 2 1 2 2 1 1 1 1 1 4 3 5 4 6 6 6 5 9 8 6 7 9 7 8 6 6 7 6 5 4 5 4 5 4 3 3 2 2 2 2 3 3 1 3 3 5 1 2 3 2 1 2 3 2 3 2 0 0 3 1 2 3 4 5 2 3 6 5 7 5 2 5 5 4 6 3 5 3 3 4 6 3 4 4 4 5 1 1 2 2 1 3 1 1 2 2 1 1 1 1 1 0 1 0 0 0 1 0 0 0 0 0 0 0 0 0 0 0 0 1 0 0 0 0 0 0 0 0 0 0 0 0 0 0 0 0 0 0 0 0 0 0 0 0 0 0 0 0 0 0 0 0 0 0 0 0 0 0 0 0 0 0 0 0 0 0 0 0 0 0 0 0 0 0 0 0 0 0 0 0 0 0 0 0 0 0 0 0 0 0 0 0 0 0 0 0 0 0 0 0 0 0 0 0 0 0 0 0 0 0 0 0 0 0 0 0 0 
0 0 0 0 0 0 0 0 0 0 0 0 0 0 0 0 0 0 0 0 0 0 0 0 0 0 0 0 0 0 0 0 0 0 0 0 0 0 0 0 0 0 0 0 0 0 0 1 1 1 1 2 3 4 6 6 7 8 10 11 10 9 7 9 5 6 7 5 7 6 7 7 9 10 10 9 8 7 6 7 7 6 6 7 3 5 5 6 4 4 3 5 4 5 6 6 6 6 6 5 6 4 7 7 8 7 5 4 3 5 1 3 4 4 3 3 4 5 5 3 3 6 4 2 5 4 3 5 4 3 3 3 3 3 1 2 2 2 3 3 4 3 2 3 2 1 2 0 3 2 2 2 2 1 2 2 2 3 2 2 2 2 2 1 1 0 0 0 0 0 0 0 0 0 0 0 0 1 1 1 0 0 1 1 1 1 1 1 1 1 2 1 2 3 2 1 2 1 3 1 1 1 1 1 0 0 0 0 0 0 0 0 0 0 0 0 0 0 0 0 0 0 0 0 0 0 0 0 0 0 0 0 0 0 0 0 0 0 0 0 0 0 0 0 0 0 0 0 0 0 0 0 0 0 0 0 
8 1 1 1 1 1 1 1 1 1 2 1 8 5 5 5 4 2 1 0 0 0 0 0 0 0 0 0 0 0 0 0 0 0 0 1 0 0 1 3 2 2 4 6 9 12 12 10 13 14 13 13 11 10 10 10 9 7 8 6 6 8 7 6 4 3 2 1 1 0 0 0 0 1 1 0 1 1 3 0 0 1 1 1 0 1 2 1 0 0 0 0 0 0 0 1 1 0 1 3 2 0 1 3 3 1 2 4 4 5 2 3 3 2 1 5 4 3 6 3 4 2 5 4 1 2 1 2 1 2 2 4 2 2 2 3 2 1 2 1 1 3 1 0 1 2 4 2 2 2 2 2 1 1 1 2 2 2 0 2 2 1 1 2 1 2 0 2 1 1 1 2 2 1 2 2 1 1 2 1 2 1 2 1 2 2 1 0 1 0 0 0 0 0 0 0 0 0 0 0 0 0 0 0 0 0 0 0 0 0 0 0 0 0 0 0 0 0 0 0 0 0 0 0 0 0 0 0 0 0 0 0 0 0 0 1 1 1 1 2 2 1 1 1 1 0 0 0 0 0 0 0 0 0 0 0 
3 0 0 0 0 1 0 0 0 1 1 2 2 11 6 4 3 0 0 0 0 0 0 0 0 0 0 0 0 1 0 1 1 2 3 4 2 3 4 7 6 9 7 7 10 11 13 11 9 12 10 8 9 5 3 4 4 3 4 4 5 4 3 3 3 3 4 4 3 4 4 4 3 4 2 3 4 2 2 2 1 1 1 1 1 0 0 0 0 1 0 0 0 0 0 0 0 0 0 0 1 1 0 1 2 3 2 3 4 2 2 2 4 5 5 2 4 4 5 5 5 4 4 5 4 4 2 4 2 3 3 2 2 2 0 1 1 1 1 1 1 0 1 1 1 2 2 1 0 0 1 1 1 0 0 0 0 0 0 1 0 0 0 0 0 0 0 0 0 0 0 1 1 1 2 2 2 1 3 2 2 2 2 2 3 2 1 2 1 1 1 1 1 1 0 1 1 1 0 0 0 0 0 0 0 0 0 0 0 0 0 0 0 0 0 0 0 0 0 0 0 0 0 0 0 0 0 0 0 0 1 0 1 0 0 1 0 2 2 1 1 2 1 1 0 0 0 0 0 0 0 0 0 0 0 0 
1 0 0 0 0 0 0 0 0 0 0 0 0 0 0 0 0 0 0 0 0 0 0 0 0 0 0 0 0 0 0 0 0 0 0 0 0 0 0 0 0 0 1 1 1 2 4 5 5 5 5 5 5 7 10 9 8 13 12 12 9 10 10 7 8 6 8 7 7 5 7 7 7 6 5 3 3 4 4 2 3 4 1 2 2 3 3 3 1 2 1 3 4 3 4 4 6 7 6 6 7 5 5 6 4 6 6 4 1 2 1 3 0 0 2 0 2 0 2 0 0 2 1 2 4 2 3 3 5 4 6 3 5 4 5 5 4 4 4 4 3 5 4 5 3 4 5 5 4 5 4 4 4 3 4 3 3 4 4 0 1 2 1 1 0 1 2 0 0 0 1 0 0 0 0 1 0 1 1 0 1 1 0 1 1 1 0 1 1 0 1 0 1 0 0 1 0 0 0 0 0 0 0 0 0 0 0 0 0 0 0 0 0 0 0 0 0 0 0 0 0 0 0 0 0 0 0 0 0 0 0 0 0 0 0 0 0 0 0 0 0 0 0 0 0 0 0 0 0 0 0 0 0 0 0 0 
38 1 2 1 1 1 1 0 3 2 3 4 2 1 0 1 1 1 0 1 0 0 1 1 1 0 1 1 2 0 1 1 1 1 0 1 1 0 1 0 1 1 1 1 0 0 2 2 3 3 3 3 4 5 7 6 7 6 7 7 9 8 9 9 9 9 7 6 5 6 5 4 4 6 3 4 3 4 3 3 3 3 3 4 2 2 2 2 3 3 4 4 1 3 3 4 3 3 3 4 2 4 2 1 2 1 2 3 3 2 3 1 2 2 3 2 1 2 1 2 3 3 4 4 2 3 3 3 2 2 2 1 4 4 4 2 1 2 3 3 3 3 3 0 2 1 1 1 1 1 1 1 1 1 0 1 1 1 1 1 1 0 1 0 1 0 0 1 0 0 0 0 0 0 0 0 0 0 0 0 0 0 0 0 0 0 0 0 0 0 0 0 0 0 0 0 0 0 0 0 0 0 0 0 0 0 0 0 0 0 0 0 0 0 0 0 0 0 0 0 0 0 0 0 0 0 0 0 0 0 0 0 0 0 0 0 0 0 0 0 0 0 0 0 0 0 0 0 0 0 0 0 0 0 0 0 
147 40 52 36 103 38 26 16 8 3 3 4 5 4 3 3 2 4 4 5 5 6 4 4 3 3 3 2 4 1 1 4 4 1 2 2 3 3 2 3 1 1 2 1 2 3 1 3 1 3 1 3 1 2 5 1 2 1 1 2 3 2 1 2 2 2 1 0 1 0 1 0 0 0 0 0 0 2 0 0 1 0 1 0 0 0 1 1 1 1 1 1 0 1 0 0 0 1 0 1 0 0 0 0 0 0 0 0 0 0 0 0 0 0 1 0 0 0 0 0 0 0 0 0 1 0 0 0 0 0 0 0 0 0 0 0 0 0 0 0 0 0 0 0 0 0 0 0 0 0 0 0 0 0 0 0 0 0 0 0 0 0 0 0 0 0 0 0 0 0 0 0 0 0 0 0 0 0 0 0 0 0 0 0 0 0 0 0 0 0 0 0 0 0 0 0 0 0 0 0 0 0 0 0 0 0 0 0 0 0 0 0 0 0 0 3 0 0 0 0 0 0 0 0 0 0 0 0 0 0 0 0 0 0 0 0 0 0 0 0 0 0 0 0 0 0 0 0 0 0 0 0 0 0 0 0 
126 55 54 34 102 47 23 14 9 6 5 3 3 2 2 2 2 2 3 3 3 3 1 2 1 2 3 1 3 3 4 4 4 3 2 1 2 1 1 3 2 1 1 1 0 1 0 0 0 2 0 0 0 0 0 1 0 0 0 0 0 0 0 0 0 0 0 0 0 0 0 0 0 0 0 0 0 0 0 0 1 0 0 0 0 0 0 0 0 0 0 0 0 1 0 0 0 1 0 0 0 0 0 0 1 0 1 1 1 1 0 0 0 0 1 0 1 0 0 0 0 0 0 0 0 1 0 0 0 0 0 0 0 0 0 0 0 0 0 0 1 0 0 0 0 0 1 0 0 0 1 0 0 0 0 0 0 0 0 0 0 0 0 0 0 0 0 0 0 0 0 0 0 0 0 0 0 0 0 0 0 0 0 0 0 0 0 0 0 0 0 0 0 0 0 0 0 0 0 0 0 0 0 0 0 0 0 0 0 0 0 0 0 0 0 0 0 0 1 0 1 0 0 0 0 0 0 1 0 1 1 0 0 0 0 0 0 0 0 0 0 0 0 0 0 0 0 0 0 0 0 0 0 0 0 0 
2 0 0 0 0 0 1 3 5 1 2 1 1 1 2 1 1 1 1 1 1 2 1 0 0 1 1 1 1 0 0 0 1 0 0 0 2 1 1 1 1 3 3 3 2 6 5 6 4 4 6 6 6 8 8 8 8 8 11 8 9 8 9 9 9 8 8 6 4 4 3 2 2 2 1 2 1 2 1 1 1 2 2 1 2 2 2 0 1 2 1 1 0 0 0 1 0 1 4 2 3 5 4 5 3 4 7 4 6 5 5 5 6 6 4 4 3 3 4 5 4 3 4 4 5 1 5 4 4 4 4 1 3 1 2 0 0 1 0 1 0 1 1 0 0 1 0 1 1 0 0 0 1 0 1 0 0 1 0 0 1 0 0 0 0 0 0 0 0 0 0 0 0 0 0 0 0 0 0 0 0 0 0 0 0 0 0 0 0 0 0 0 0 0 0 0 0 0 0 0 0 0 0 0 0 0 0 0 0 0 0 0 0 0 0 0 0 0 0 0 0 0 0 0 0 0 0 0 0 0 0 0 0 0 0 0 0 0 0 0 0 0 0 0 0 0 0 0 0 0 0 0 0 0 0 0 
0 0 0 0 0 0 0 0 0 0 0 0 0 0 0 0 0 0 0 0 0 0 0 0 0 0 0 0 0 0 0 0 0 0 0 0 0 0 0 0 1 1 2 2 5 7 9 12 17 17 19 15 14 10 8 4 4 3 2 4 3 3 3 3 2 2 1 2 2 2 2 5 5 6 6 5 3 4 4 4 5 2 3 3 2 1 2 3 3 2 2 3 3 3 2 3 3 2 2 3 4 3 3 5 4 6 4 4 5 3 4 4 4 6 4 3 4 3 4 3 4 6 5 6 5 7 7 7 7 6 5 5 6 4 5 4 4 3 4 3 2 2 3 2 2 2 1 1 2 3 1 1 1 1 0 1 1 1 0 1 0 0 0 0 1 0 0 0 0 0 0 0 1 1 0 1 1 1 1 1 2 3 4 5 3 3 3 3 1 2 1 0 2 1 1 0 1 0 0 0 0 0 0 0 0 0 0 0 0 0 0 0 0 0 0 0 0 0 0 0 0 0 0 0 0 0 0 0 0 0 0 0 0 0 0 0 0 0 0 0 0 0 0 0 0 0 0 0 0 0 0 0 0 0 0 0 
4 2 1 1 1 1 1 0 0 0 0 2 1 2 10 3 3 2 2 2 2 1 1 2 1 2 1 1 0 0 0 0 2 0 1 2 2 2 2 2 1 1 0 1 1 0 1 1 4 8 9 10 11 9 9 10 10 10 7 8 9 8 8 7 6 4 4 5 3 3 4 3 1 2 2 1 1 1 1 1 1 1 2 0 2 2 2 3 1 3 2 1 2 1 1 0 0 0 1 1 2 1 0 1 2 1 2 0 3 3 2 6 6 6 6 4 2 3 2 2 3 5 3 4 5 1 2 1 3 2 0 1 1 0 1 0 0 2 2 2 2 2 2 1 0 2 1 3 2 0 1 1 1 2 2 2 1 1 0 1 1 1 0 1 1 1 0 2 0 1 1 1 1 1 1 1 1 0 1 1 1 1 2 0 0 1 0 1 0 1 1 1 1 1 1 0 1 1 1 0 1 0 1 0 1 1 0 0 0 0 0 0 0 0 1 0 1 0 0 0 0 0 0 1 0 0 0 0 0 0 0 0 0 0 0 0 0 0 0 0 0 0 0 0 0 0 0 0 0 0 0 0 0 0 0 0 
7 2 2 2 1 1 1 1 1 1 0 1 1 2 2 2 1 1 1 1 1 0 0 1 0 0 0 1 1 0 2 3 1 3 2 8 3 2 3 4 3 2 1 1 1 1 0 0 0 1 5 5 4 5 5 5 5 6 7 6 7 8 6 7 6 6 4 4 3 2 2 1 0 1 2 1 0 1 1 1 1 1 2 1 1 2 1 0 1 1 1 1 0 1 0 0 1 0 1 0 0 0 0 0 1 0 1 1 1 2 2 2 3 3 2 3 2 3 3 4 4 5 5 5 5 5 3 3 3 1 2 2 2 3 1 1 1 0 1 0 0 0 0 0 0 1 0 2 0 0 0 0 0 1 0 0 0 1 0 1 1 1 1 0 2 1 1 1 0 1 1 2 2 2 3 2 2 2 2 1 3 2 1 2 2 2 1 1 1 2 1 1 2 1 0 1 0 0 1 1 1 0 1 1 1 1 0 1 0 1 0 0 1 0 0 1 0 0 0 0 0 0 0 0 0 0 1 1 0 1 1 1 1 2 1 1 1 1 1 1 0 0 0 0 0 0 0 0 0 0 0 0 0 0 0 0 
0 0 0 0 0 0 0 0 0 0 0 0 0 0 0 0 0 0 0 0 0 0 0 0 0 0 0 0 0 0 0 0 0 0 1 3 1 1 1 1 1 1 2 4 9 11 14 14 12 11 13 9 9 8 8 7 7 6 6 5 4 2 3 3 2 2 3 3 4 5 4 4 5 4 3 4 3 2 4 3 2 2 2 3 1 3 4 5 2 3 2 5 2 2 2 3 2 3 4 3 4 6 7 6 6 7 7 7 5 5 6 5 4 4 3 2 5 4 3 3 1 2 2 2 3 4 3 3 5 4 3 2 3 3 3 6 4 4 5 4 5 3 4 4 4 3 3 2 2 2 1 2 2 2 2 2 1 2 2 2 2 1 1 1 1 0 0 0 0 0 1 0 1 0 1 2 1 2 1 2 3 2 1 2 2 2 1 1 1 1 0 0 0 1 0 1 0 0 0 0 0 0 0 0 0 0 0 0 0 0 0 0 0 0 0 0 0 0 0 0 0 0 0 0 0 0 0 0 0 0 0 0 0 0 0 0 0 0 0 0 0 0 0 0 0 0 0 0 0 0 0 0 0 0 0 0 
19 2 2 2 1 0 0 1 2 3 2 2 2 3 1 0 0 0 1 1 1 1 0 1 0 0 1 0 0 0 0 0 0 0 0 0 0 0 0 3 3 7 8 14 18 18 19 21 20 15 14 12 8 8 5 5 6 4 3 5 3 4 3 4 4 3 2 3 1 1 2 1 0 0 0 1 1 0 1 0 0 0 0 1 0 0 0 0 1 1 0 1 1 2 2 3 3 4 5 4 3 3 2 3 3 2 3 3 2 1 3 2 3 2 1 2 1 2 2 1 1 3 3 2 2 3 2 2 2 1 3 4 5 4 5 3 3 3 4 3 3 2 2 4 2 2 2 3 3 3 0 1 0 1 0 0 0 1 1 2 1 1 1 0 0 1 0 0 0 0 0 0 0 0 0 0 0 0 0 0 0 0 0 0 0 0 0 0 0 0 0 0 0 0 0 0 0 0 0 0 0 0 0 0 0 0 0 0 0 0 0 0 0 0 0 0 0 0 0 0 0 0 0 0 0 0 0 0 0 0 0 0 0 0 0 0 0 0 0 0 0 0 0 0 0 0 0 0 0 0 0 0 0 0 0 0 
123 42 47 35 94 27 22 14 8 6 6 3 3 4 2 3 3 2 2 3 1 2 1 2 1 1 2 1 2 2 1 2 2 1 3 1 1 2 2 1 1 2 1 4 3 4 3 5 4 2 4 4 5 4 9 6 5 2 3 2 3 1 1 1 2 1 1 1 1 0 1 1 1 1 1 1 1 1 1 1 0 1 2 1 1 0 0 1 0 0 0 0 0 0 1 1 0 0 0 0 0 0 0 0 0 0 0 0 1 0 0 0 1 0 0 0 0 0 0 0 0 0 0 0 0 0 1 0 0 0 0 0 0 0 1 1 0 1 0 0 1 0 0 0 0 0 0 0 0 0 0 0 0 0 0 0 0 0 0 0 0 0 0 0 0 0 0 0 0 0 0 0 0 0 0 0 0 0 0 0 0 0 0 0 0 0 0 0 0 0 0 0 0 0 0 0 0 0 0 0 0 0 0 0 0 0 0 0 0 0 0 0 0 0 0 3 0 0 0 0 0 0 0 0 0 0 0 0 0 0 0 0 0 0 0 0 0 0 0 0 0 0 0 0 0 0 0 0 0 0 0 0 0 0 0 0 
168 58 63 48 130 45 18 8 4 4 5 3 1 2 1 3 1 0 1 1 3 2 2 3 1 1 2 1 3 3 4 3 2 3 3 2 2 1 2 1 1 0 1 0 0 0 0 0 0 0 0 0 0 0 0 0 0 0 0 0 0 0 0 0 0 0 0 0 0 0 0 0 0 0 0 0 0 0 0 0 0 0 0 0 0 0 0 0 0 0 0 0 0 0 0 0 0 0 0 0 0 0 0 0 0 0 0 0 0 0 0 1 0 1 0 0 0 0 0 0 0 0 0 0 0 0 0 0 0 0 0 0 0 0 0 0 0 0 0 0 0 0 0 0 0 0 0 0 0 0 0 0 0 0 0 0 0 0 0 0 0 0 0 0 0 0 0 0 0 0 0 0 0 0 0 0 0 0 0 0 0 0 0 0 0 0 0 0 0 0 0 0 0 0 0 0 0 0 0 0 0 0 0 0 0 0 0 0 0 0 0 0 0 0 0 0 0 0 0 0 0 0 0 0 0 0 0 0 0 0 0 0 0 0 0 0 0 0 0 0 0 0 0 0 0 0 0 0 0 0 0 0 0 0 0 0 
14 0 0 1 3 4 5 8 8 19 4 3 4 3 3 2 2 0 0 1 1 1 0 0 0 0 0 1 1 0 1 0 0 0 0 0 1 0 0 0 1 0 0 0 0 0 0 1 1 1 1 2 4 5 6 6 7 6 6 7 7 9 7 8 7 5 8 6 4 4 5 3 2 3 1 4 2 2 1 2 2 1 3 0 2 1 1 2 2 0 1 4 2 2 1 3 0 1 1 3 3 2 3 3 3 3 2 3 4 4 3 3 4 3 3 4 6 3 4 5 4 3 5 5 4 4 5 3 4 3 3 4 2 1 4 2 2 1 3 2 1 1 1 1 3 0 2 1 1 1 0 0 0 0 0 0 0 0 0 0 1 0 0 0 0 0 0 0 0 0 0 0 0 0 0 0 0 0 0 0 0 0 0 0 0 0 0 0 0 0 0 0 0 0 0 0 0 0 0 0 0 0 0 1 0 0 0 0 0 0 0 0 0 0 0 0 0 0 0 0 0 0 0 0 0 0 0 0 0 0 0 0 0 0 0 0 0 0 0 0 0 0 0 0 0 0 0 0 0 0 0 0 0 0 0 0 
0 0 0 0 0 0 0 0 0 0 0 0 0 1 0 0 0 0 0 0 0 0 0 0 0 0 0 0 0 0 0 0 0 0 0 2 0 1 1 1 4 6 11 13 15 18 18 17 17 12 10 11 7 7 6 5 3 2 2 2 4 2 3 3 3 5 3 5 6 4 3 2 3 3 2 2 2 1 2 1 1 1 1 0 0 1 1 1 1 0 0 0 0 2 2 2 3 3 3 3 3 5 4 5 3 5 6 5 5 5 4 4 3 3 2 4 2 2 3 3 3 4 3 4 3 4 3 5 4 4 4 6 5 4 4 3 3 3 3 1 2 1 3 1 1 1 1 0 1 1 1 1 1 2 1 1 1 1 1 0 1 0 1 0 0 1 2 2 1 1 2 2 1 2 3 1 4 1 4 4 3 3 2 4 4 4 2 4 2 3 3 2 1 1 3 1 1 1 1 0 0 1 0 0 0 1 0 0 0 1 0 0 0 0 0 0 0 0 0 0 0 0 0 0 0 0 0 0 0 0 0 0 0 0 0 0 0 0 0 0 0 0 0 0 0 0 0 0 0 0 0 0 0 0 0 0 
0 0 0 0 0 0 0 0 0 0 1 0 0 0 1 1 3 0 0 0 0 0 0 0 0 0 0 0 0 0 0 0 0 0 0 0 0 0 0 0 1 0 0 0 1 1 6 8 13 12 14 10 11 10 9 7 8 7 7 6 5 5 5 6 4 3 5 3 5 6 4 5 4 6 4 4 2 3 2 2 2 2 1 1 2 3 2 4 4 3 3 3 2 3 3 4 3 4 3 4 5 5 4 6 5 4 5 5 4 4 4 3 3 2 2 1 1 1 0 0 2 1 3 1 4 3 2 2 4 3 4 3 3 4 2 3 4 3 5 4 3 2 4 3 2 3 3 1 2 2 2 0 0 1 0 2 1 1 0 1 1 1 1 1 0 1 1 1 1 1 0 0 1 0 0 0 0 0 0 0 1 1 0 0 1 1 0 0 0 0 1 0 0 1 0 0 0 0 1 0 0 0 0 0 0 0 0 0 1 0 0 1 0 0 0 0 0 0 0 0 0 0 0 0 0 0 0 0 0 0 0 0 0 0 0 0 0 0 0 0 0 0 0 0 0 0 0 0 0 0 0 0 0 0 0 0 
1 0 0 0 0 0 0 0 1 1 0 1 2 2 1 0 0 0 0 0 0 0 0 0 0 0 0 0 0 0 0 0 0 0 0 0 0 0 0 0 0 0 0 0 0 0 1 4 5 6 8 5 6 7 4 5 5 5 5 4 4 4 4 3 3 1 3 2 3 4 3 4 3 4 4 4 4 4 3 3 5 4 3 4 4 2 4 3 2 3 2 3 1 2 5 3 4 2 2 4 2 5 4 4 5 3 4 4 4 5 2 3 3 5 5 2 3 2 4 2 3 3 4 4 5 5 5 5 5 3 4 4 5 4 5 5 3 3 4 3 1 2 3 3 3 2 3 2 3 1 2 1 1 2 1 2 0 1 1 1 1 1 1 1 1 0 1 0 0 2 0 0 1 0 0 0 1 1 1 1 2 2 2 1 2 2 2 2 2 2 3 4 2 1 1 2 1 1 1 1 1 0 0 1 0 1 0 1 0 0 0 0 1 0 1 0 1 1 1 0 0 1 1 0 0 1 1 1 0 0 0 0 0 1 1 0 0 0 0 0 0 0 0 0 0 0 0 0 0 0 0 0 0 0 0 0 
1 0 0 0 0 0 1 0 0 0 1 0 1 1 1 0 0 0 0 0 0 0 0 0 0 0 0 0 0 0 0 0 0 0 0 0 0 2 2 5 7 6 9 9 11 10 11 14 16 13 16 10 11 8 4 5 4 3 1 2 2 1 2 3 5 4 3 2 3 3 4 3 2 4 3 3 2 1 1 1 1 1 1 1 1 0 1 1 2 2 1 2 3 1 1 2 2 4 3 3 5 6 6 6 5 7 7 6 5 4 6 3 3 4 3 4 4 2 2 2 1 1 0 2 2 1 2 1 1 1 1 1 1 3 1 2 1 1 1 2 1 2 1 2 1 1 0 0 2 1 0 0 0 1 0 0 1 1 0 0 0 0 0 0 0 1 1 2 1 0 1 1 1 1 2 2 1 3 4 1 4 2 2 3 2 2 3 1 1 2 2 0 1 1 0 1 0 0 0 0 0 0 0 1 0 1 2 1 0 2 1 2 1 0 1 1 0 1 1 0 1 2 1 1 0 1 0 0 0 0 0 0 1 1 0 0 1 0 0 0 0 0 0 0 0 0 0 0 0 0 0 0 0 0 0 0 
43 1 0 0 0 0 0 2 6 8 8 4 2 1 0 0 0 0 0 0 0 0 0 0 0 0 0 0 0 0 0 0 0 0 0 0 0 1 2 6 9 10 9 10 10 10 9 10 10 10 7 7 8 8 9 6 5 5 6 6 4 5 3 3 3 3 2 1 1 0 0 0 0 0 0 0 0 0 1 1 1 1 0 2 1 1 2 3 2 3 2 3 4 2 2 3 2 3 3 3 3 3 4 3 3 4 4 3 2 2 2 2 2 3 2 2 3 2 4 3 2 5 4 3 4 3 2 3 3 3 3 3 3 4 3 4 3 3 2 3 3 2 3 3 3 1 2 2 2 0 1 0 1 0 0 1 0 0 0 2 1 0 0 0 1 0 0 0 0 0 0 0 0 0 0 0 0 0 0 0 0 0 0 0 0 0 0 0 0 0 0 0 0 0 0 0 0 0 0 0 0 0 0 0 0 0 0 0 0 0 0 0 0 0 0 0 0 0 0 0 0 0 0 0 0 0 0 0 0 0 0 0 0 0 0 0 0 0 0 0 0 0 0 0 0 0 0 0 0 0 0 0 0 0 0 0 
124 57 75 55 118 33 19 13 8 7 5 3 3 5 4 3 2 2 2 2 2 1 1 2 2 3 4 3 4 4 2 4 2 2 2 1 2 3 1 0 0 2 1 1 0 0 0 1 0 0 1 0 0 1 1 4 1 2 1 1 2 2 1 1 1 2 1 0 0 1 0 0 0 0 0 0 0 1 1 2 1 1 0 0 1 0 0 0 0 0 0 0 0 0 0 0 0 0 0 0 0 0 0 0 0 0 0 1 0 1 0 0 0 1 1 0 0 0 1 0 0 0 0 0 1 0 0 1 1 1 0 0 0 0 0 0 0 0 0 0 0 0 0 0 0 0 0 0 0 0 0 0 0 0 0 0 0 0 0 0 0 0 0 0 0 0 0 0 0 0 0 0 0 0 0 0 0 0 0 0 0 0 0 0 0 0 0 0 0 0 0 0 0 0 0 0 0 0 0 1 0 0 0 0 0 0 0 0 0 0 0 0 0 0 0 0 0 2 0 0 0 0 0 0 0 0 0 0 0 0 0 0 0 0 0 0 0 0 0 0 0 0 0 0 0 0 0 0 0 0 0 0 0 0 0 0 
203 62 104 135 153 14 4 3 4 2 4 3 4 2 2 0 0 1 0 0 0 0 0 0 1 3 3 7 11 7 3 4 1 1 0 0 0 0 0 0 0 0 0 0 0 0 0 0 0 0 0 0 0 0 0 0 0 0 0 0 0 0 0 0 0 0 0 0 0 0 0 0 0 0 0 0 0 0 0 0 0 0 0 0 0 0 0 0 0 0 0 0 0 0 0 0 0 0 0 0 0 0 0 0 0 0 0 0 0 0 0 0 0 0 0 0 0 0 0 0 0 0 0 0 0 0 0 0 0 0 0 0 0 0 0 0 0 0 0 0 0 0 0 0 0 0 0 0 0 0 0 0 0 0 0 0 0 0 0 0 0 0 0 0 0 0 0 0 0 0 0 0 0 0 0 0 0 0 0 0 0 0 0 0 0 0 0 0 0 0 0 0 0 0 0 0 0 0 0 0 0 0 0 0 0 0 0 0 0 0 0 0 0 0 0 0 0 0 0 0 0 2 0 0 0 0 0 0 0 0 0 0 0 1 0 0 0 0 0 0 0 0 0 0 0 0 0 0 0 0 0 0 0 0 0 0 
83 24 19 18 22 16 11 13 11 24 37 6 2 2 2 3 2 2 2 1 1 1 1 1 1 1 0 2 1 1 1 1 2 1 3 3 3 3 2 2 1 1 1 1 1 1 1 0 0 1 1 1 3 2 2 2 1 2 1 1 1 1 1 0 1 1 1 2 1 1 0 2 1 1 0 0 1 0 0 0 0 1 1 0 0 0 1 1 1 0 0 0 1 0 0 0 1 1 1 1 1 1 2 1 3 2 2 3 2 3 2 3 2 2 2 2 3 2 4 1 3 2 3 3 4 2 3 2 2 2 0 1 0 1 1 2 0 1 1 0 0 0 1 0 0 0 1 0 0 0 0 0 0 0 0 0 0 0 0 0 0 0 0 0 0 0 0 0 0 0 0 0 0 0 0 0 0 0 0 0 0 0 0 0 0 0 0 0 0 0 0 0 0 0 0 0 0 0 0 0 0 0 0 0 0 0 0 0 0 0 0 0 0 0 0 0 0 0 0 0 0 0 0 0 0 0 0 0 0 0 0 0 0 0 0 0 0 0 0 0 0 0 0 0 0 0 0 0 0 0 0 0 0 0 0 0 
5 0 1 3 4 4 6 3 3 4 5 4 3 2 2 2 2 1 0 0 0 1 0 1 0 0 1 0 0 0 0 0 0 0 1 0 0 2 0 1 3 3 4 8 8 8 12 10 13 11 11 10 9 9 6 6 4 4 3 2 3 4 2 2 2 2 1 3 2 2 3 2 2 1 1 1 0 1 1 0 0 0 1 0 1 1 1 0 0 0 0 2 1 1 2 3 4 3 3 5 6 6 6 5 6 5 5 6 2 5 4 5 4 3 4 3 5 5 4 4 4 3 5 5 4 3 4 3 4 4 2 3 3 4 3 2 1 2 0 1 1 0 2 0 0 2 1 0 1 0 0 0 0 1 0 0 0 1 0 1 0 1 0 2 1 0 0 0 1 0 1 1 1 0 0 0 0 0 1 0 0 0 0 0 0 0 0 1 0 0 0 0 0 0 0 0 0 0 0 0 0 0 0 0 0 0 0 0 0 0 0 0 0 0 0 0 0 0 0 0 0 0 0 0 0 0 0 0 0 0 0 0 0 0 0 0 0 0 0 0 0 0 0 0 0 0 0 0 0 0 0 0 0 0 0 0 
0 0 0 0 0 1 1 1 0 1 0 0 0 0 0 0 0 0 0 0 0 0 0 0 0 0 0 0 0 0 0 0 0 0 0 0 0 0 0 0 0 1 2 3 5 6 10 11 14 18 17 16 11 11 8 7 6 3 5 6 5 6 4 3 4 2 2 3 3 3 3 2 3 1 4 3 3 2 3 3 2 2 2 4 1 2 2 2 2 3 1 1 2 1 1 1 2 3 5 4 4 6 5 8 6 7 9 8 7 5 4 6 4 5 5 5 1 3 4 4 1 3 4 2 2 3 2 3 2 2 4 4 2 3 1 2 0 1 1 3 2 1 2 2 1 3 2 2 1 2 1 2 0 3 2 0 2 2 2 2 1 3 0 0 1 1 1 1 1 1 1 1 1 1 1 0 1 0 1 1 1 0 0 1 0 1 0 0 1 0 0 0 0 0 0 0 0 0 0 0 0 0 0 0 0 0 0 0 0 0 0 0 0 0 0 0 0 0 0 0 0 0 0 0 0 0 0 0 0 0 0 0 0 0 0 0 0 0 0 0 0 0 0 0 0 0 0 0 0 0 0 0 0 0 0 0 
0 0 0 0 0 0 0 0 0 0 0 0 0 0 0 0 0 0 0 0 0 0 0 0 0 0 0 0 0 0 0 0 0 0 0 0 0 0 0 0 0 1 2 3 5 5 7 11 14 14 13 10 11 9 9 8 6 9 8 8 7 6 4 4 4 4 4 4 3 4 2 3 2 3 3 4 3 3 1 3 2 3 0 1 2 1 0 0 2 1 1 1 3 3 5 4 3 3 5 5 6 5 6 6 5 3 4 6 2 2 2 5 4 2 1 4 2 5 4 5 6 6 3 4 3 3 2 4 5 5 5 4 3 3 4 2 1 1 2 2 2 1 0 1 1 1 1 2 1 1 2 1 2 0 1 1 1 1 1 1 1 1 1 1 1 1 1 1 1 2 1 1 1 0 0 0 2 1 0 1 3 2 1 1 1 1 0 1 1 1 1 0 1 0 0 0 0 0 0 0 0 0 0 0 0 0 0 0 0 0 0 0 0 0 0 0 0 0 0 0 0 0 0 0 0 0 0 0 0 0 0 0 0 0 0 0 0 0 0 0 0 0 0 0 0 0 0 0 0 0 0 0 0 0 0 0 
7 0 0 0 0 1 0 0 0 0 0 0 0 0 0 0 0 0 0 0 0 0 0 0 0 0 0 0 0 0 0 0 0 0 0 0 0 0 1 3 10 13 13 17 15 15 13 10 9 7 5 7 6 7 5 6 5 4 4 4 4 2 2 3 3 4 3 4 3 1 4 1 2 1 3 1 2 1 0 2 0 1 1 0 0 0 1 1 0 2 2 2 3 2 3 3 4 5 6 7 6 5 6 6 4 5 5 5 5 4 3 4 4 3 3 6 5 2 4 4 3 3 3 0 4 3 3 2 3 2 2 3 2 2 2 3 2 3 3 1 3 2 0 1 2 1 1 2 0 1 1 0 0 1 1 1 1 1 1 0 0 1 0 0 1 0 1 0 0 0 0 0 0 0 0 0 0 1 0 0 1 1 0 0 0 0 0 0 0 0 0 0 0 0 0 0 0 0 0 0 0 0 0 0 0 0 0 0 0 0 0 0 0 0 0 0 0 0 0 0 0 0 0 0 0 0 0 0 0 0 0 0 0 0 0 0 0 0 0 0 0 0 0 0 0 0 0 0 0 0 0 0 0 0 0 0 
72 6 8 14 14 9 7 10 11 22 24 9 4 4 2 3 1 1 3 1 2 1 1 1 1 1 1 1 1 2 2 1 3 2 2 2 4 1 2 2 2 5 2 2 3 2 2 6 5 4 6 4 5 4 4 3 2 2 1 3 1 2 1 1 0 0 1 1 1 1 1 1 1 2 1 0 1 0 1 0 0 1 0 0 1 1 0 1 1 1 1 1 1 1 1 1 1 1 1 1 1 1 1 1 1 3 1 1 2 1 1 2 1 2 2 2 2 1 1 1 2 1 2 1 2 3 3 3 4 2 2 1 2 1 2 2 1 2 1 0 2 1 1 0 0 0 0 0 0 0 0 0 0 0 0 0 1 0 1 0 0 0 0 0 0 1 0 0 0 0 0 0 0 0 0 0 0 0 0 0 0 0 0 0 0 0 0 0 0 0 0 0 0 0 0 0 0 0 0 0 0 0 0 0 0 0 0 0 0 0 0 0 0 0 0 0 0 0 0 0 0 0 0 0 0 0 0 0 0 0 0 0 0 0 0 0 0 0 0 0 0 0 0 0 0 0 0 0 0 0 0 0 0 0 0 0 
181 88 115 172 126 15 8 6 4 6 5 4 3 3 2 0 0 0 0 0 0 0 1 1 1 1 5 5 12 3 4 2 1 3 2 2 1 1 1 1 1 0 0 1 0 0 0 0 0 0 0 0 0 0 3 0 0 0 0 0 0 0 0 0 0 0 0 0 0 0 0 0 0 0 0 0 0 0 0 0 0 0 0 0 0 0 0 0 0 0 0 0 0 0 0 0 0 0 0 0 0 0 0 0 0 0 0 0 0 0 0 0 0 0 0 1 0 0 0 0 0 0 0 0 0 0 0 0 0 0 0 0 0 0 0 0 0 0 0 0 0 0 0 0 0 0 0 0 0 0 0 0 0 0 0 0 0 0 0 0 0 0 0 0 0 0 0 0 0 0 0 0 0 0 0 0 0 0 0 0 0 0 0 0 0 0 0 0 0 0 0 0 0 0 0 0 0 0 0 0 0 0 0 0 0 0 0 0 0 0 0 0 0 0 0 3 0 0 0 0 0 0 0 0 0 0 0 0 0 0 0 0 0 0 0 0 0 0 0 0 0 0 0 0 0 0 0 0 0 0 0 0 0 0 0 0 
205 110 234 150 86 2 0 1 2 2 8 35 14 6 3 2 0 0 0 0 0 0 0 0 2 6 17 24 20 5 3 2 2 1 0 0 0 0 0 0 0 0 0 0 0 0 0 0 0 0 0 0 0 0 0 0 0 0 0 0 0 0 0 0 0 0 0 0 0 0 0 0 0 0 0 0 0 0 0 0 0 0 0 0 0 0 0 0 0 0 0 0 0 0 0 0 0 0 0 0 0 0 0 0 0 0 0 0 0 0 0 0 0 0 0 0 0 0 0 0 0 0 0 0 0 0 0 0 0 0 0 0 0 0 0 0 0 0 0 0 0 0 0 0 0 0 0 0 0 0 0 0 0 0 0 0 0 0 0 0 0 0 0 0 0 0 0 0 0 0 0 0 0 0 0 0 0 0 0 0 0 0 0 0 0 0 0 0 0 0 0 0 0 0 0 0 0 0 0 0 0 0 0 0 0 0 0 0 0 0 0 0 0 0 0 0 0 0 0 0 0 0 0 0 0 0 0 0 0 0 0 0 0 0 0 0 0 0 0 0 0 0 0 0 0 0 0 0 0 0 0 0 0 0 0 0 
211 84 150 162 29 14 9 10 9 43 9 11 9 4 1 2 1 1 0 0 0 1 0 1 1 4 6 10 8 4 4 2 3 2 1 1 0 0 0 0 0 0 0 0 0 0 0 0 0 0 0 0 0 0 0 0 0 0 0 0 0 0 0 0 0 0 0 0 0 0 0 0 0 0 0 0 0 0 0 0 0 0 0 0 0 0 0 0 0 0 0 0 0 0 0 0 0 0 0 0 0 0 0 0 0 0 0 0 0 0 0 0 0 0 0 0 0 0 0 0 0 0 0 0 0 0 0 0 0 0 0 0 0 0 0 0 0 0 0 0 0 0 0 0 0 0 0 0 0 0 0 0 0 0 0 0 0 0 0 0 0 0 0 0 0 0 0 0 0 0 0 0 0 0 0 0 0 0 0 0 0 0 0 0 0 0 0 0 0 0 0 0 0 0 0 0 0 0 0 0 0 0 0 0 0 0 0 0 0 2 0 0 0 0 0 0 0 0 0 0 0 0 0 0 0 0 0 0 0 0 0 0 0 0 0 0 0 0 0 0 0 0 0 0 0 0 0 0 0 0 0 0 0 0 0 0 
115 60 58 103 28 18 11 12 13 39 7 3 3 3 2 1 2 1 2 1 1 1 2 0 2 3 1 1 4 4 3 1 3 2 0 2 1 1 0 1 2 2 0 0 1 1 1 1 1 1 0 0 0 0 0 0 1 0 1 0 0 0 0 0 0 0 0 0 0 0 0 0 0 0 0 0 1 0 0 0 0 0 0 0 0 0 0 0 0 0 0 0 0 0 0 0 0 0 0 0 0 0 0 1 0 1 0 0 1 1 0 1 0 1 1 1 2 1 1 0 1 1 1 0 0 1 0 0 0 0 0 0 0 0 0 0 0 0 0 0 0 0 0 0 0 0 0 0 0 0 0 0 0 0 0 0 0 0 0 0 0 0 0 0 0 0 0 0 0 0 0 0 0 0 0 0 0 0 0 0 0 0 0 0 0 0 0 0 0 0 0 0 0 0 0 0 0 0 0 0 0 0 0 0 0 0 0 0 0 2 0 0 0 0 0 0 0 0 0 0 0 0 0 0 0 0 0 0 0 0 0 0 0 0 0 0 0 0 0 0 0 0 0 0 0 0 0 0 0 0 0 0 0 0 0 0 
62 37 29 50 14 16 11 11 10 7 3 4 1 1 1 3 2 2 3 2 1 1 2 3 2 3 1 1 1 1 1 0 2 2 1 2 2 0 1 1 2 1 2 1 1 1 1 2 2 1 2 1 1 1 1 1 2 2 1 1 1 1 1 1 1 1 1 1 0 1 1 2 1 1 1 2 1 1 1 0 1 1 1 2 1 1 2 1 4 2 3 3 2 2 2 2 1 1 2 2 1 2 2 3 2 2 2 3 3 3 2 0 1 1 3 2 1 1 1 1 1 1 0 2 0 0 1 1 1 0 0 0 1 0 0 0 0 0 0 0 0 0 0 0 0 0 0 0 0 0 0 0 0 0 0 0 0 0 0 0 0 0 0 0 0 0 0 0 0 0 0 0 0 0 0 0 0 0 0 0 0 0 0 0 0 0 0 0 0 0 0 0 0 0 0 0 0 0 0 0 0 0 0 0 0 0 0 0 0 2 0 0 0 0 0 0 0 0 0 0 0 0 0 0 0 0 0 0 0 0 0 0 0 0 0 0 0 0 0 0 0 0 0 0 0 0 0 0 0 0 0 0 0 0 0 0 
58 29 28 39 19 17 12 14 9 4 2 3 2 2 0 0 1 0 1 2 1 1 1 1 2 3 1 1 2 1 0 1 3 2 1 1 3 1 0 2 1 1 1 1 3 1 3 3 4 3 2 5 2 3 4 3 2 2 3 3 3 2 3 2 2 1 2 2 1 2 2 2 1 3 3 1 2 1 2 2 1 2 3 1 2 1 2 2 2 1 1 2 3 4 3 2 4 3 3 2 3 4 3 3 3 3 3 2 2 0 1 0 1 1 0 0 0 0 0 0 0 0 0 0 0 0 0 0 0 0 0 1 0 0 0 0 0 0 0 0 1 0 0 0 0 0 0 0 0 0 0 0 0 0 0 0 0 0 0 0 0 0 0 0 0 0 0 0 0 0 0 0 0 0 0 0 0 0 0 0 0 0 0 0 0 0 0 0 0 0 0 0 0 0 0 0 0 0 0 0 0 0 0 0 0 0 0 0 0 2 0 0 0 0 0 0 0 0 0 0 0 0 0 0 0 0 0 0 0 0 0 0 0 0 0 0 0 0 0 0 0 0 0 0 0 0 0 0 0 0 0 0 0 0 0 0 
98 62 62 65 23 17 12 11 15 26 5 3 2 3 2 1 1 3 0 2 2 3 1 2 3 5 3 2 5 3 2 3 1 3 1 1 1 1 2 2 2 0 1 2 1 1 1 1 1 1 1 1 0 2 2 1 1 1 2 2 1 1 1 1 1 2 1 1 1 0 1 0 0 0 1 0 0 0 0 0 0 0 0 0 0 1 0 0 0 0 0 0 0 0 1 0 1 2 0 1 1 1 1 1 1 1 1 1 2 1 1 0 1 1 1 0 0 0 0 0 0 0 0 0 0 0 0 0 0 0 0 0 0 0 0 0 0 0 0 0 0 0 0 0 0 0 0 0 0 0 0 0 0 0 0 0 0 0 0 0 0 0 0 0 0 0 0 0 0 0 0 0 0 0 0 0 0 0 0 0 0 0 0 0 0 0 0 0 0 0 0 0 0 0 0 0 0 0 0 0 0 0 0 0 0 0 0 0 0 2 0 0 0 0 0 0 0 0 0 0 0 0 0 0 0 0 0 0 0 0 0 0 0 0 0 0 0 0 0 0 0 0 0 0 0 0 0 0 0 0 0 0 0 0 0 0 
183 115 161 101 25 12 11 8 14 37 14 11 9 4 1 0 1 0 1 0 0 0 1 2 1 6 5 7 9 4 1 2 3 2 2 1 0 1 0 0 0 0 0 0 0 0 0 0 0 0 0 0 0 0 0 0 0 0 0 0 0 0 0 0 0 0 0 0 0 0 0 0 0 0 0 0 0 0 0 0 0 0 0 0 0 0 0 0 0 0 0 0 0 0 0 0 0 0 0 0 0 0 0 0 0 0 0 0 0 0 0 0 0 0 0 0 0 0 0 0 0 0 0 0 0 0 0 0 0 0 0 0 0 0 0 0 0 0 0 0 0 0 0 0 0 0 0 0 0 0 0 0 0 0 0 0 0 0 0 0 0 0 0 0 0 0 0 0 0 0 0 0 0 0 0 0 0 0 0 0 0 0 0 0 0 0 0 0 0 0 0 0 0 0 0 0 0 0 0 0 0 0 0 0 0 0 0 0 0 2 0 0 0 0 0 0 0 0 0 0 0 0 0 0 0 0 0 0 0 0 0 0 0 0 0 0 0 0 0 0 0 0 0 0 0 0 0 0 0 0 0 0 0 0 0 0 
261 95 298 150 86 4 2 3 0 6 3 35 16 8 3 0 0 0 0 0 0 0 1 2 3 3 7 20 20 10 8 2 2 0 0 0 0 0 0 0 0 0 0 0 0 0 0 0 0 0 0 0 0 0 2 0 0 0 0 0 0 0 0 0 0 0 0 0 0 0 0 0 0 0 0 0 0 0 0 0 0 0 0 0 0 0 0 0 0 0 0 0 0 0 0 0 0 0 0 0 0 0 0 0 0 0 0 0 0 0 0 0 0 0 0 0 0 0 0 0 0 0 0 0 0 0 0 0 0 0 0 0 0 0 0 0 0 0 0 0 0 0 0 0 0 0 0 0 0 0 0 0 0 0 0 0 0 0 0 0 0 0 0 0 0 0 0 0 0 0 0 0 0 0 0 0 0 0 0 0 0 0 0 0 0 0 0 0 0 0 0 0 0 0 0 0 0 0 0 0 0 0 0 0 0 0 0 0 0 0 0 0 0 0 0 2 0 0 0 0 0 0 0 0 0 0 0 0 0 0 0 0 0 0 0 0 0 0 0 0 0 0 0 0 0 0 0 0 0 0 0 0 0 0 0 0 
